function mpc = case30_E_Mishra
%CASE30    Power flow data for 30 bus, 6 generator case.
%   Please see CASEFORMAT for details on the case file format.
%
%   Based on data from ...
%     Alsac, O. & Stott, B., "Optimal Load Flow with Steady State Security",
%     IEEE Transactions on Power Apparatus and Systems, Vol. PAS 93, No. 3,
%     1974, pp. 745-751.
%   ... with branch parameters rounded to nearest 0.01, shunt values divided
%   by 100 and shunt on bus 10 moved to bus 5, load at bus 5 zeroed out.
%   Generator locations, costs and limits and bus areas were taken from ...
%     Ferrero, R.W., Shahidehpour, S.M., Ramesh, V.C., "Transaction analysis
%     in deregulated power systems using game theory", IEEE Transactions on
%     Power Systems, Vol. 12, No. 3, Aug 1997, pp. 1340-1347.
%   Generator Q limits were derived from Alsac & Stott, using their Pmax
%   capacities. V limits and line |S| limits taken from Alsac & Stott.

%   MATPOWER
%   $Id: case30.m 1559 2010-03-10 18:08:32Z ray $

%% MATPOWER Case Format : Version 2
mpc.version = '2';

%%-----  Power Flow Data  -----%%
%% system MVA base
mpc.baseMVA = 100;

%% bus data
% bus_i	type Pd     Qd      Gs      Bs	  area      Vm      Va    baseKV   zone Vmax	Vmin
mpc.bus = [
	1	3	0       0       0       0       1       1.060       0.0          135     1	1.05	0.95;
	2	2	21.7	12.7	0       0       1       1.043       -5.48        135     1	1.1     0.95;
	3	1	2.4     1.2     0       0       1       1.021       -7.96        135     1	1.05	0.95;
	4	1	7.6     1.6     0       0       1       1.012       -9.62        135     1	1.05	0.95;
	5	2	94.2    19      0       0.19	1       1.010       -14.37       135     1	1.05	0.95;
	6	1	0       0       0       0       1       1.010       -11.34       135     1	1.05	0.95;
	7	1	22.8	10.9	0       0       1       1.002       -13.12       135     1	1.05	0.95;
	8	2	30      30      0       0       1       1.010       -12.10       135     1	1.05	0.95;
	9	1	0       0       0       0       1       1.051       -14.38       135     1	1.05	0.95;
	10	1	5.8     2       0       0       3       1.045       -15.97       135     1	1.05	0.95;
	11	2	0       0       0       0       1       1.082       -14.39       135     1	1.05	0.95;
	12	1	11.2	7.5     0       0       2       1.057       -15.24       135     1	1.05	0.95;
	13	2	0       0       0       0       2       1.071       -15.24       135     1	1.1     0.95;
	14	1	6.2     1.6     0       0       2       1.042       -16.13       135     1	1.05	0.95;
	15	1	8.2     2.5     0       0       2       1.038       -16.22       135 	 1	1.05	0.95;
	16	1	3.5     1.8     0       0       2       1.045       -15.83       135     1	1.05	0.95;
	17	1	9       5.8     0       0       2       1.040       -16.14       135     1	1.05	0.95;
	18	1	3.2     0.9     0       0       2       1.028       -16.82       135     1	1.05	0.95;
	19	1	9.5     3.4     0       0       2       1.026       -17.00       135     1	1.05	0.95;
	20	1	2.2     0.7 	0       0       2       1.030       -16.80       135     1	1.05	0.95;
	21	1	17.5	11.2	0       0       3       1.033       -16.42       135 	 1	1.05	0.95;
	22	2	0       0       0       0       3       1.033       -16.41       135     1	1.1     0.95;
	23	1	3.2     1.6     0       0       2       1.027       -16.61   	 135     1	1.1     0.95;
	24	1	8.7     6.7 	0       0.043	3       1.021       -16.78       135     1	1.05	0.95;
	25	1	0       0       0       0       3       1.017       -16.35       135 	 1	1.05	0.95;
	26	1	3.5     2.3 	0       0       3       1.000       -16.77       135     1	1.05	0.95;
	27	1	0       0       0       0       3       1.023       -15.82       135     1	1.1     0.95;
	28	1	0       0       0       0       1       1.007       -11.97       135     1	1.05	0.95;
	29	1	2.4     0.9 	0       0       3       1.003       -17.06       135 	 1	1.05	0.95;
	30	1	10.6	1.9     0       0       3       0.992       -17.94       135     1	1.05	0.95;
];

%% generator data
%  bus	Pg      Qg      Qmax    Qmin	Vg	mBase	status	Pmax	Pmin	Pc1	Pc2	Qc1min	Qc1max	Qc2min	Qc2max	ramp_agc	ramp_10	ramp_30	ramp_q	apf
% DADOS ORIGINAIS
% mpc.gen = [
% 	1	260.2	-16.1	1000    -1000   1.060	100	1       200     50	0	0	0	0	0	0	0	0	0	0	0;
% 	2	40.0	50.0	50      -40     1.045	100	1       80      20	0	0	0	0	0	0	0	0	0	0	0;
% 	5	0.0 	37.0	40  	-40     1.010	100	1       50      15	0	0	0	0	0	0	0	0	0	0	0;
% 	8	0.0 	37.3	40  	-10     1.010	100	1       35      10	0	0	0	0	0	0	0	0	0	0	0;
% 	11	0.0 	16.2	24      -6      1.082	100	1       30      10	0	0	0	0	0	0	0	0	0	0	0;
% 	13	0.0     10.6	24  	-6      1.071	100	1       40      12	0	0	0	0	0	0	0	0	0	0	0;
% ];

% DADOS MISHRA 2015
mpc.gen = [                                                                                                         % TGER      vi   vr  v0      wr     d      Kp       Kr
	1	260.2	-16.1	250     -20     1.060	100	1       200     50	0	0	0	0	0	0	0	0	0	0	0   1            3   15  30      200    1      1       1;
	2	40.0	50.0	50      -40     1.045	100	1       80      20	0	0	0	0	0	0	0	0	0	0	0   1            3   15  30      80     1      1       1;
	5	0.0 	37.0	40  	-40     1.010	100	1       50      15	0	0	0	0	0	0	0	0	0	0	0   1            3   15  30      50     1      1       1;
	8	0.0 	37.3	40  	-10     1.010	100	1       35      10	0	0	0	0	0	0	0	0	0	0	0   1            3   15  30      35     1      1       1;
	11	0.0 	16.2	24      -6      1.082	100	1       30      10	0	0	0	0	0	0	0	0	0	0	0   1            3   15  30      30     1      1       1;
	13	0.0     10.6	24  	-6      1.071	100	1       40      12	0	0	0	0	0	0	0	0	0	0	0   1            3   15  30      40     1      1       1;
    22	0.0     10.6	24  	-20     1.071	100	1       40      0	0	0	0	0	0	0	0	0	0	0	0   2            3   10.28  25   40     0     2       10;
];


%% branch data
% fbus tbus	r       x       b	  rateA	rateB rateC	ratio	angle	status	angmin	angmax
